REG    :   4.090   4.090   4.090   4.090   4.090
ADD    :   5.361   6.384   6.618   7.086   8.022
SUB    :   5.361   6.384   6.618   7.086   8.022
MULT   :   5.361   6.384   6.618   7.086   8.022
COMP   :   8.022   8.022   8.022   8.022   8.022
MUX2x1 :   5.361   5.361   5.361   5.361   5.361
SHR    :   5.361   5.361   5.361   5.361   5.361
SHL    :   5.361   5.361   5.361   5.361   5.361
DIV    :   5.361  18.104  35.511  81.609 220.180
MOD    :   5.361  19.867  38.268  85.680 224.429
INC    :   5.361   5.919   6.620   7.088   8.024
DEC    :   5.361   6.384   6.618   7.086   8.022

